MODEL : baseline
ACCURACY : 0.7543

              precision    recall  f1-score   support

           0       0.78      0.75      0.77      1000
           1       0.85      0.89      0.87      1000
           2       0.74      0.63      0.68      1000
           3       0.54      0.62      0.58      1000
           4       0.76      0.67      0.71      1000
           5       0.63      0.71      0.67      1000
           6       0.86      0.75      0.80      1000
           7       0.84      0.79      0.81      1000
           8       0.78      0.89      0.83      1000
           9       0.81      0.85      0.83      1000

    accuracy                           0.75     10000
   macro avg       0.76      0.75      0.75     10000
weighted avg       0.76      0.75      0.75     10000
