MODEL : improved
ACCURACY : 0.8004

              precision    recall  f1-score   support

           0       0.87      0.79      0.82      1000
           1       0.88      0.93      0.90      1000
           2       0.71      0.71      0.71      1000
           3       0.61      0.61      0.61      1000
           4       0.80      0.79      0.79      1000
           5       0.72      0.64      0.68      1000
           6       0.77      0.91      0.83      1000
           7       0.86      0.84      0.85      1000
           8       0.92      0.88      0.90      1000
           9       0.88      0.90      0.89      1000

    accuracy                           0.80     10000
   macro avg       0.80      0.80      0.80     10000
weighted avg       0.80      0.80      0.80     10000
